version https://git-lfs.github.com/spec/v1
oid sha256:a2277433a2be1a76259bdea77604f4b3f0846b753d15fe6e28774e130f281dc4
size 723
