version https://git-lfs.github.com/spec/v1
oid sha256:60b94479d88b647e21179b19ba527dab42aadbc0f5e848a4fabddae5e391525f
size 1842744
