version https://git-lfs.github.com/spec/v1
oid sha256:13477a8c2be5343444c3c0484ebd27d399b4999f20655f622db176bb55c6491e
size 1274354
