version https://git-lfs.github.com/spec/v1
oid sha256:86c4510a811a21b1a3147b7ff729cc867d66cfa5a3fcc2e6d6b5b18249be2ffd
size 809878
