version https://git-lfs.github.com/spec/v1
oid sha256:6b9d71628117147fe765ef691336d759baf3f92cf39576a4dfdeb91a84ea1efa
size 15801
